41,35
3,2
3,1
3,3
10,190
10,288
10,178
10,252
10,310
10,268
10,242
10,272
11,4
11,12
8,9
8,14
8,5
8,6
8,2
8,3
30,4
30,3
30,2
30,1
30,0
26,3
26,2
26,1
26,0
25,3
25,2
25,1
25,0
20,2
12,3
20,1
12,2
20,3
12,1
11,30
11,29
11,28
11,26
11,25
11,24
11,23
11,22
11,21
11,20
11,19
11,18
11,17
11,16
11,15
11,14
11,13
11,11
11,10
11,9
11,8
11,7
11,6
19,2
11,5
11,3
19,1
11,2
19,3
11,1
10,315
10,311
10,307
10,298
10,293
10,291
10,286
10,283
10,281
10,276
10,274
10,271
10,269
10,259
10,249
10,244
10,243
10,240
10,238
10,225
10,222
10,217
